-5.863370746374130249e-02
-4.276471138000488281e-01
-2.523619681596755981e-02
-3.842743858695030212e-02
3.009022446349263191e-03
-3.788866698741912842e-01
2.377526136115193367e-03
-1.354117393493652344e-01
-1.137563679367303848e-02
-4.767232388257980347e-02
-2.180924080312252045e-02
-4.057809337973594666e-02
-1.152843981981277466e-02
-3.841905295848846436e-02
-1.008019745349884033e-01
-6.212245225906372070e-01
-3.122493391856551170e-03
-2.789372801780700684e-01
-1.156822126358747482e-02
-6.764420866966247559e-01
-5.917305946350097656e-01
-6.851311028003692627e-02
-4.671322926878929138e-02
-4.588975384831428528e-02
-3.991416469216346741e-02
-4.956318065524101257e-02
-3.685877323150634766e-01
-1.302310228347778320e-01
-7.835359871387481689e-02
-3.286361694335937500e-02
-8.156444877386093140e-03
3.585491329431533813e-02
