-8.439148902893066406e+00
-7.154082775115966797e+00
-6.490182399749755859e+00
-6.012166976928710938e+00
-5.464974880218505859e+00
-4.797468185424804688e+00
-4.025753974914550781e+00
-3.051862955093383789e+00
-1.784057497978210449e+00
-8.486807942390441895e-01
-5.190833806991577148e-01
-1.893804818391799927e-01
1.423528939485549927e-01
5.367127656936645508e-01
9.965075850486755371e-01
1.332654714584350586e+00
-1.150179290771484375e+01
-1.069282150268554688e+01
-9.711815834045410156e+00
-8.874361038208007812e+00
-8.241719245910644531e+00
-7.531472206115722656e+00
-6.646946430206298828e+00
-5.614597797393798828e+00
-4.078530788421630859e+00
-2.870307445526123047e+00
-2.381101369857788086e+00
-1.825274825096130371e+00
-1.142758011817932129e+00
-4.315819144248962402e-01
5.203249454498291016e-01
1.112463474273681641e+00
-1.245259952545166016e+01
-1.196856498718261719e+01
-1.138129901885986328e+01
-1.071750068664550781e+01
-1.002513408660888672e+01
-9.354804039001464844e+00
-8.593795776367187500e+00
-7.687259197235107422e+00
-6.447312355041503906e+00
-5.509746074676513672e+00
-5.167794227600097656e+00
-4.776714801788330078e+00
-4.355165004730224609e+00
-3.847054481506347656e+00
-3.477251291275024414e+00
-3.396693468093872070e+00
-8.122096061706542969e+00
-7.298668384552001953e+00
-6.889148712158203125e+00
-6.516094207763671875e+00
-6.002126693725585938e+00
-5.481408596038818359e+00
-4.771482944488525391e+00
-3.862875699996948242e+00
-2.797085285186767578e+00
-1.880694746971130371e+00
-1.438853025436401367e+00
-1.065534353256225586e+00
-8.115092515945434570e-01
-6.430229544639587402e-01
-5.857040286064147949e-01
-5.733745694160461426e-01
-1.405867481231689453e+01
-1.358200454711914062e+01
-1.286404705047607422e+01
-1.172964286804199219e+01
-1.074674129486083984e+01
-9.950298309326171875e+00
-9.074991226196289062e+00
-8.212024688720703125e+00
-7.096060276031494141e+00
-6.147646427154541016e+00
-5.786182403564453125e+00
-5.417811870574951172e+00
-5.117848396301269531e+00
-4.791132926940917969e+00
-4.268660545349121094e+00
-4.021623611450195312e+00
-1.458995342254638672e+01
-1.436810493469238281e+01
-1.412437725067138672e+01
-1.418625926971435547e+01
-1.423167991638183594e+01
-1.412559127807617188e+01
-1.397039031982421875e+01
-1.354384231567382812e+01
-1.260916423797607422e+01
-1.173355388641357422e+01
-1.142898654937744141e+01
-1.111756420135498047e+01
-1.081819343566894531e+01
-1.051454639434814453e+01
-1.023028850555419922e+01
-1.008046722412109375e+01
-1.455492401123046875e+01
-1.397765445709228516e+01
-1.338662147521972656e+01
-1.290983581542968750e+01
-1.257182216644287109e+01
-1.228089618682861328e+01
-1.198921585083007812e+01
-1.164592456817626953e+01
-1.116023731231689453e+01
-1.075905418395996094e+01
-1.060119152069091797e+01
-1.038012027740478516e+01
-1.003168010711669922e+01
-9.622324943542480469e+00
-9.103698730468750000e+00
-8.960390090942382812e+00
-1.420196628570556641e+01
-1.413096809387207031e+01
-1.403549098968505859e+01
-1.390100383758544922e+01
-1.370014667510986328e+01
-1.342121982574462891e+01
-1.300089073181152344e+01
-1.226175594329833984e+01
-1.114224815368652344e+01
-1.037399768829345703e+01
-1.010260200500488281e+01
-9.771023750305175781e+00
-9.255159378051757812e+00
-8.621567726135253906e+00
-8.033855438232421875e+00
-7.877357959747314453e+00
-1.390406703948974609e+01
-1.271773719787597656e+01
-1.171272277832031250e+01
-1.099383449554443359e+01
-1.033386611938476562e+01
-9.668128013610839844e+00
-8.922556877136230469e+00
-7.950865745544433594e+00
-6.671445369720458984e+00
-5.697201728820800781e+00
-5.344253540039062500e+00
-4.951169967651367188e+00
-4.530277252197265625e+00
-3.928453683853149414e+00
-3.138653755187988281e+00
-2.620623588562011719e+00
-1.037883377075195312e+01
-9.767748832702636719e+00
-9.293717384338378906e+00
-8.911478042602539062e+00
-8.380253791809082031e+00
-7.613089561462402344e+00
-6.702290058135986328e+00
-5.612950325012207031e+00
-4.206500053405761719e+00
-3.342622518539428711e+00
-3.058010816574096680e+00
-2.754688024520874023e+00
-2.459378719329833984e+00
-2.157296419143676758e+00
-1.813733220100402832e+00
-1.667528629302978516e+00
-9.403759002685546875e+00
-8.636197090148925781e+00
-8.182630538940429688e+00
-7.711585521697998047e+00
-7.181496620178222656e+00
-6.498916149139404297e+00
-5.683707714080810547e+00
-4.692817687988281250e+00
-3.488989830017089844e+00
-2.662538051605224609e+00
-2.372540473937988281e+00
-2.079654932022094727e+00
-1.778013944625854492e+00
-1.480581641197204590e+00
-1.214539647102355957e+00
-1.029602766036987305e+00
-1.380860710144042969e+01
-1.282383537292480469e+01
-1.200873374938964844e+01
-1.129695701599121094e+01
-1.065070343017578125e+01
-9.956026077270507812e+00
-9.115342140197753906e+00
-8.067806243896484375e+00
-6.547865867614746094e+00
-5.378901004791259766e+00
-4.923202991485595703e+00
-4.428165912628173828e+00
-3.909114837646484375e+00
-3.356100082397460938e+00
-2.769507646560668945e+00
-2.258710384368896484e+00
-1.418114089965820312e+01
-1.348654174804687500e+01
-1.281854724884033203e+01
-1.197990036010742188e+01
-1.113333606719970703e+01
-1.048344421386718750e+01
-9.859752655029296875e+00
-9.140603065490722656e+00
-8.252228736877441406e+00
-7.583533287048339844e+00
-7.364650249481201172e+00
-7.092648506164550781e+00
-6.708652496337890625e+00
-6.200032711029052734e+00
-5.525143623352050781e+00
-5.114671707153320312e+00
-8.976688385009765625e+00
-7.671360015869140625e+00
-6.336546897888183594e+00
-5.128068923950195312e+00
-4.302309989929199219e+00
-3.763880491256713867e+00
-3.180684566497802734e+00
-2.314301490783691406e+00
-1.020582079887390137e+00
-1.420625150203704834e-01
1.112542599439620972e-01
3.412746489048004150e-01
5.372672677040100098e-01
6.870328783988952637e-01
7.866444587707519531e-01
8.323052525520324707e-01
-1.556004428863525391e+01
-1.451473522186279297e+01
-1.391160106658935547e+01
-1.350015640258789062e+01
-1.295993518829345703e+01
-1.249668693542480469e+01
-1.215712451934814453e+01
-1.183243560791015625e+01
-1.135990238189697266e+01
-1.097219944000244141e+01
-1.078942871093750000e+01
-1.058095932006835938e+01
-1.036243438720703125e+01
-1.011356830596923828e+01
-9.690848350524902344e+00
-9.261258125305175781e+00
-1.553705120086669922e+01
-1.450941181182861328e+01
-1.367770195007324219e+01
-1.297552776336669922e+01
-1.231862735748291016e+01
-1.157699680328369141e+01
-1.073946094512939453e+01
-9.735199928283691406e+00
-8.322240829467773438e+00
-7.295898914337158203e+00
-6.962397098541259766e+00
-6.608354091644287109e+00
-6.215953350067138672e+00
-5.869932651519775391e+00
-5.592522144317626953e+00
-5.364066123962402344e+00
