2.986345052719116211e+00
3.089657306671142578e+00
3.132539749145507812e+00
3.139494180679321289e+00
3.163290262222290039e+00
3.159575223922729492e+00
3.125599384307861328e+00
3.024462223052978516e+00
2.805063962936401367e+00
2.651990652084350586e+00
2.591426849365234375e+00
2.517382383346557617e+00
2.412530899047851562e+00
2.319435596466064453e+00
2.254330396652221680e+00
2.162115335464477539e+00
3.598784446716308594e+00
3.585466384887695312e+00
3.537528514862060547e+00
3.399851799011230469e+00
3.379751443862915039e+00
3.433377265930175781e+00
3.398002386093139648e+00
3.348451137542724609e+00
3.202576160430908203e+00
3.064741849899291992e+00
3.005112171173095703e+00
2.931304693222045898e+00
2.888708114624023438e+00
2.762508630752563477e+00
2.574573278427124023e+00
2.327499628067016602e+00
3.306831836700439453e+00
3.136240720748901367e+00
2.807564258575439453e+00
2.430726528167724609e+00
2.088909387588500977e+00
1.938895702362060547e+00
1.859861254692077637e+00
1.856953859329223633e+00
1.720382094383239746e+00
1.600174307823181152e+00
1.590217828750610352e+00
1.590760946273803711e+00
1.523697495460510254e+00
1.493988394737243652e+00
1.551208138465881348e+00
1.550089716911315918e+00
8.426708579063415527e-01
6.651604771614074707e-01
5.626745223999023438e-01
5.403088331222534180e-01
5.000278949737548828e-01
4.385581016540527344e-01
3.889648318290710449e-01
2.401374727487564087e-01
1.670190989971160889e-01
1.619605869054794312e-01
8.365417271852493286e-02
7.014892250299453735e-02
1.504146754741668701e-01
2.039765864610671997e-01
2.383886277675628662e-01
2.538456022739410400e-01
2.399086475372314453e+00
2.296805620193481445e+00
2.079560041427612305e+00
1.656850099563598633e+00
1.299381375312805176e+00
1.219444036483764648e+00
1.104391574859619141e+00
9.497544169425964355e-01
6.323025226593017578e-01
5.026135444641113281e-01
4.605039358139038086e-01
3.926068246364593506e-01
3.090084195137023926e-01
2.259317487478256226e-01
1.955298334360122681e-01
3.210187554359436035e-01
2.168659687042236328e+00
2.080863952636718750e+00
1.950344800949096680e+00
2.116289854049682617e+00
2.265439748764038086e+00
2.270184040069580078e+00
2.300674200057983398e+00
2.316667079925537109e+00
2.233315467834472656e+00
2.143918037414550781e+00
2.104228258132934570e+00
2.066770792007446289e+00
2.034235239028930664e+00
2.055786371231079102e+00
2.109166860580444336e+00
2.131677627563476562e+00
1.988749742507934570e+00
1.626708030700683594e+00
1.299615740776062012e+00
1.080014348030090332e+00
9.637610912322998047e-01
9.132530689239501953e-01
8.985549211502075195e-01
9.160517454147338867e-01
9.940342903137207031e-01
1.088487386703491211e+00
1.138377904891967773e+00
1.219405531883239746e+00
1.354058980941772461e+00
1.479260683059692383e+00
1.601240158081054688e+00
1.591598749160766602e+00
1.459025740623474121e+00
1.475038647651672363e+00
1.470324635505676270e+00
1.473927974700927734e+00
1.484667658805847168e+00
1.508569478988647461e+00
1.584492564201354980e+00
1.748244047164916992e+00
1.944918036460876465e+00
2.007507562637329102e+00
2.034062862396240234e+00
2.096256971359252930e+00
2.261220932006835938e+00
2.373569011688232422e+00
2.409073829650878906e+00
2.353975296020507812e+00
1.864933609962463379e+00
1.815376400947570801e+00
1.856301546096801758e+00
1.860437870025634766e+00
1.836689949035644531e+00
1.808988332748413086e+00
1.793704986572265625e+00
1.844189524650573730e+00
1.971383690834045410e+00
2.076256752014160156e+00
2.124763011932373047e+00
2.153419494628906250e+00
2.165405035018920898e+00
2.246165990829467773e+00
2.337419986724853516e+00
2.263870716094970703e+00
3.337865829467773438e+00
3.320485353469848633e+00
3.303513288497924805e+00
3.300909996032714844e+00
3.331475019454956055e+00
3.341221809387207031e+00
3.320746183395385742e+00
3.240328550338745117e+00
2.986444950103759766e+00
2.781353950500488281e+00
2.695671796798706055e+00
2.597392797470092773e+00
2.470420360565185547e+00
2.368767738342285156e+00
2.304552316665649414e+00
2.187974452972412109e+00
3.074092149734497070e+00
2.988587856292724609e+00
2.991637706756591797e+00
3.040849924087524414e+00
3.096596479415893555e+00
3.130875825881958008e+00
3.123467206954956055e+00
3.033772230148315430e+00
2.783577919006347656e+00
2.582062721252441406e+00
2.525126218795776367e+00
2.454771280288696289e+00
2.356631278991699219e+00
2.233397006988525391e+00
2.157068967819213867e+00
2.135567188262939453e+00
2.832295894622802734e+00
2.775243043899536133e+00
2.840482711791992188e+00
2.914270639419555664e+00
2.920732259750366211e+00
2.910071849822998047e+00
2.913668155670166016e+00
2.891318559646606445e+00
2.793910980224609375e+00
2.701319456100463867e+00
2.664603471755981445e+00
2.615879535675048828e+00
2.551169395446777344e+00
2.466059446334838867e+00
2.367040157318115234e+00
2.212196588516235352e+00
1.556082129478454590e+00
1.407508134841918945e+00
1.316464304924011230e+00
1.106395721435546875e+00
8.348464965820312500e-01
7.049023509025573730e-01
6.239189505577087402e-01
4.871361553668975830e-01
3.118707537651062012e-01
3.869964778423309326e-01
4.564893245697021484e-01
5.562012791633605957e-01
5.955153107643127441e-01
7.068511247634887695e-01
8.641193509101867676e-01
8.979837894439697266e-01
6.316399574279785156e-01
5.820586085319519043e-01
6.228213310241699219e-01
5.509058237075805664e-01
4.703185260295867920e-01
4.283787906169891357e-01
3.671129047870635986e-01
3.213925957679748535e-01
1.418004184961318970e-01
2.078694254159927368e-01
3.129503428936004639e-01
4.327449798583984375e-01
5.490562915802001953e-01
6.450161933898925781e-01
6.957014203071594238e-01
7.227483987808227539e-01
1.631029605865478516e+00
1.161076188087463379e+00
8.836445212364196777e-01
8.372274041175842285e-01
7.221699953079223633e-01
6.238875389099121094e-01
5.682786703109741211e-01
5.542089939117431641e-01
5.880075693130493164e-01
6.783930063247680664e-01
6.577610373497009277e-01
6.416758298873901367e-01
6.293702125549316406e-01
6.651583313941955566e-01
7.001243829727172852e-01
6.282823681831359863e-01
1.850708365440368652e+00
1.707962870597839355e+00
1.760639190673828125e+00
1.862044334411621094e+00
1.916241168975830078e+00
1.972530245780944824e+00
1.965911507606506348e+00
1.873954772949218750e+00
1.640087842941284180e+00
1.431234002113342285e+00
1.333484292030334473e+00
1.251576900482177734e+00
1.219761610031127930e+00
1.153653502464294434e+00
1.070643663406372070e+00
1.035970687866210938e+00
