3.437465429306030273e-02
-2.875230312347412109e-01
9.254230558872222900e-02
4.555264953523874283e-03
-1.087149232625961304e-02
-7.409634590148925781e-01
-6.751653552055358887e-02
2.082884162664413452e-01
2.981082908809185028e-02
-2.333550341427326202e-02
4.427504539489746094e-02
1.214796602725982666e-01
-5.906804651021957397e-02
1.115263253450393677e-01
6.126866489648818970e-02
2.937145829200744629e-01
-1.291925609111785889e-01
2.916917800903320312e-01
-7.674609869718551636e-02
1.015407919883728027e+00
-8.452532291412353516e-01
-5.275265872478485107e-02
-4.049808531999588013e-02
-1.450172066688537598e-02
-3.294373303651809692e-02
1.337380707263946533e-02
-1.723064035177230835e-01
-6.891835927963256836e-01
-1.185423042625188828e-02
3.012237139046192169e-02
5.679545179009437561e-02
-3.480951860547065735e-02
4.222873225808143616e-02
-2.018513441085815430e+00
-2.334647346287965775e-03
-3.933418914675712585e-02
-1.862034550867974758e-03
-2.606881083920598030e-03
6.502866279333829880e-03
3.440702334046363831e-02
-7.087989896535873413e-02
-1.155839301645755768e-02
-2.562452480196952820e-02
5.330762639641761780e-02
-2.669499069452285767e-02
1.681919209659099579e-02
4.433976858854293823e-02
-5.128673911094665527e-01
3.267628252506256104e-01
4.116464778780937195e-02
-2.351282536983489990e-02
-8.310425281524658203e-02
1.845562160015106201e-01
-2.237710170447826385e-02
-1.425060816109180450e-02
1.416534781455993652e-01
5.594862625002861023e-03
-1.124814525246620178e-02
1.255865544080734253e-01
-5.579748153686523438e-01
-3.969056066125631332e-03
-8.410929143428802490e-02
4.170537292957305908e-01
6.040447857230901718e-03
-2.740882337093353271e-02
8.477126955986022949e-01
7.237312197685241699e-02
9.380802512168884277e-02
2.092020353302359581e-03
1.865540398284792900e-03
-7.057785391807556152e-01
2.434325218200683594e-02
2.317212149500846863e-02
2.603856101632118225e-02
2.216558903455734253e-02
3.473674505949020386e-02
8.824042975902557373e-03
-1.381590962409973145e-02
-6.224580109119415283e-03
5.984098091721534729e-02
7.755090482532978058e-03
2.104238048195838928e-02
-2.513706311583518982e-02
-3.266674757003784180e+00
6.467463970184326172e-01
-2.156217955052852631e-02
-3.012074157595634460e-02
3.724329546093940735e-02
-1.485290937125682831e-03
2.429494820535182953e-02
9.169776737689971924e-02
5.503317713737487793e-01
4.094550851732492447e-03
-8.616807311773300171e-02
-6.415740847587585449e-01
-2.815866610035300255e-03
-1.448899507522583008e-02
2.012486904859542847e-01
9.854377061128616333e-02
1.872318051755428314e-02
4.118084535002708435e-02
-6.815160810947418213e-02
3.214242160320281982e-01
-4.376475811004638672e-01
2.749419026076793671e-02
-1.648891419172286987e-01
1.041554752737283707e-02
-4.015921428799629211e-02
8.125287294387817383e-02
-4.586756601929664612e-02
-2.238163799047470093e-01
2.866725437343120575e-02
-2.155506983399391174e-02
-1.027973055839538574e+00
1.302273012697696686e-02
3.681989386677742004e-02
9.625152498483657837e-02
-1.461383886635303497e-02
7.180299609899520874e-02
7.757876813411712646e-02
-7.966938614845275879e-02
6.320429593324661255e-02
2.701610699295997620e-02
-1.311222910881042480e-01
6.171002238988876343e-02
1.239839661866426468e-02
-2.835648059844970703e-01
7.266803644597530365e-03
1.101695839315652847e-02
9.646465182304382324e-01
-3.871724940836429596e-03
9.772986173629760742e-03
-1.665715128183364868e-03
-8.260097354650497437e-03
3.963849842548370361e-01
-3.205934539437294006e-02
1.729118265211582184e-02
6.193677429109811783e-03
2.419928787276148796e-03
-1.245685573667287827e-02
1.875572092831134796e-02
3.035223670303821564e-02
6.396498065441846848e-03
-3.781557083129882812e-01
4.204695671796798706e-02
-7.339474558830261230e-02
-9.486091323196887970e-03
-2.572401612997055054e-02
6.418841481208801270e-01
-3.593558073043823242e-02
1.783871650695800781e-02
1.731481461320072412e-04
-1.577710965648293495e-03
6.464373320341110229e-03
3.110069036483764648e+00
4.476986527442932129e-01
-3.588432446122169495e-03
3.013925813138484955e-02
-2.450203657150268555e+00
9.845870546996593475e-03
4.900144413113594055e-02
6.464079022407531738e-01
2.738210931420326233e-02
2.323597297072410583e-02
-4.069608636200428009e-03
-1.607087813317775726e-02
-4.320629835128784180e-01
-1.591088809072971344e-02
1.236098166555166245e-02
-2.263539656996726990e-02
3.605894371867179871e-02
-5.472837388515472412e-02
-1.020222343504428864e-02
2.432591281831264496e-02
-1.789548248052597046e-02
-4.643404185771942139e-01
1.376983011141419411e-03
-6.002414599061012268e-02
-2.641803957521915436e-02
4.554085433483123779e-02
-5.446310043334960938e-01
-1.296818815171718597e-02
3.408399224281311035e-02
-1.947234123945236206e-01
-1.760919205844402313e-02
-1.532710436731576920e-02
2.036234617233276367e+00
5.142306536436080933e-02
-3.302443027496337891e-02
-4.924628883600234985e-02
-9.140754342079162598e-01
1.045973692089319229e-02
-9.852905571460723877e-02
-1.062820792198181152e+00
5.049287900328636169e-02
3.077093139290809631e-02
-1.365689784288406372e-01
5.276451706886291504e-01
-7.280085682868957520e-01
-1.262784749269485474e-01
-1.360847800970077515e-02
-2.341032773256301880e-02
-2.678983286023139954e-02
-5.146435648202896118e-02
5.036111921072006226e-02
6.397078931331634521e-02
4.190460443496704102e-01
2.980874776840209961e-01
7.191148400306701660e-02
4.248491525650024414e-01
-5.500927567481994629e-02
-1.849553175270557404e-02
-4.184635877609252930e-01
-2.972728386521339417e-02
8.491440117359161377e-02
-6.348143517971038818e-02
-3.292920067906379700e-02
6.908115465193986893e-03
-3.249426186084747314e-02
-1.118294522166252136e-01
2.990090474486351013e-02
1.536209732294082642e-01
1.475625783205032349e-01
-8.341929316520690918e-02
9.173925966024398804e-02
-2.469986118376255035e-02
1.808172278106212616e-02
-7.866960950195789337e-03
-9.916068986058235168e-03
-2.200692892074584961e-01
1.731587201356887817e-01
-9.526067972183227539e-02
-6.379384547472000122e-02
1.135983876883983612e-02
1.285486202687025070e-02
-3.449673950672149658e-02
5.492024123668670654e-02
-1.155159249901771545e-02
1.543127745389938354e-01
-8.065434545278549194e-02
8.476706221699714661e-03
1.530442237854003906e-01
2.630734257400035858e-02
1.045004054903984070e-01
1.238088980317115784e-01
-5.411108140833675861e-04
3.305000439286231995e-02
9.583079256117343903e-03
7.339193020015954971e-03
-8.274509757757186890e-02
-2.009133398532867432e-01
1.234971061348915100e-01
3.249397873878479004e-02
-6.301767379045486450e-02
1.909682154655456543e-01
1.559228599071502686e-01
1.236364990472793579e-01
-3.074606060981750488e-01
-3.108596988022327423e-02
5.120814219117164612e-02
4.102127999067306519e-02
1.067376807332038879e-01
3.737026751041412354e-01
-4.967229068279266357e-01
-1.487583518028259277e-01
1.035489514470100403e-02
9.382781572639942169e-03
-1.695645414292812347e-02
-2.843589149415493011e-02
5.700300261378288269e-02
9.526957571506500244e-02
-9.588243067264556885e-02
8.355177938938140869e-03
-2.031048685312271118e-01
4.033109173178672791e-02
-1.624643802642822266e-01
2.717300376389175653e-04
6.313933432102203369e-02
-6.771072745323181152e-02
-1.190867945551872253e-01
-1.041595786809921265e-01
2.098980545997619629e-02
-2.407121211290359497e-01
-2.865439057350158691e-01
-1.065636426210403442e-02
-5.365801230072975159e-02
-1.298695355653762817e-01
3.715523704886436462e-02
-4.805706813931465149e-02
1.058072373270988464e-01
-6.071920320391654968e-02
3.754674643278121948e-02
3.739765146747231483e-03
1.334653701633214951e-02
2.708522081375122070e-01
-9.759198874235153198e-03
3.126202151179313660e-02
-1.415213849395513535e-02
4.334828257560729980e-02
-8.146949857473373413e-02
-1.293890457600355148e-02
-1.461082696914672852e-01
-9.418444335460662842e-02
-4.493219852447509766e-01
-1.635185778141021729e-01
1.288346759974956512e-02
-1.095211692154407501e-02
-3.161366879940032959e-01
6.449642032384872437e-02
-3.719922155141830444e-02
3.629052639007568359e-02
-3.030391409993171692e-02
-3.582381177693605423e-04
3.814188018441200256e-02
3.336257934570312500e-01
1.106137037277221680e-01
4.086614772677421570e-02
-1.761827319860458374e-01
1.760592311620712280e-02
1.731781847774982452e-02
5.562682054005563259e-04
7.975938916206359863e-02
-3.945764619857072830e-03
-9.717847220599651337e-03
4.967917222529649734e-03
-3.935777116566896439e-03
1.296048797667026520e-02
2.599492901936173439e-03
2.126318286173045635e-04
3.298630006611347198e-03
7.780398242175579071e-03
1.316637638956308365e-02
3.837869444396346807e-04
-2.366480603814125061e-02
3.677459200844168663e-03
-1.146457672119140625e+00
2.290783682838082314e-03
-1.359734800644218922e-03
-1.932647428475320339e-03
-8.030550181865692139e-02
1.421702951192855835e-01
-2.271392877446487546e-04
-8.030482567846775055e-03
1.591975428164005280e-02
2.673264825716614723e-03
-1.009364845231175423e-03
-1.093651175498962402e+00
1.847417466342449188e-02
-4.512319341301918030e-03
-1.511971559375524521e-02
-3.548878431320190430e-01
-4.911438096314668655e-03
1.526228338479995728e-01
3.032409846782684326e-01
-1.254530064761638641e-02
-9.293247759342193604e-02
6.673692166805267334e-02
2.345792949199676514e-01
7.143337279558181763e-02
-5.826423168182373047e-01
5.624186620116233826e-02
2.861322090029716492e-02
-3.833969682455062866e-02
-9.186121076345443726e-02
7.112012058496475220e-02
7.009246200323104858e-02
3.237643539905548096e-01
1.616943031549453735e-01
1.038718521595001221e-01
-1.399050056934356689e-01
-1.075489097274839878e-03
-2.584692239761352539e-01
-5.809502303600311279e-02
-1.319060176610946655e-01
7.447516918182373047e-02
-1.660455018281936646e-01
-4.213608801364898682e-02
-1.206050533801317215e-02
2.892152871936559677e-03
1.675552129745483398e-01
-1.566078513860702515e-01
-1.118165105581283569e-01
6.509274244308471680e-02
1.425281316041946411e-01
3.394329221919178963e-03
4.148976206779479980e-01
-5.369983986020088196e-02
3.908398095518350601e-03
1.341471355408430099e-02
1.272809458896517754e-03
4.166120886802673340e-01
6.711433175951242447e-03
6.400384753942489624e-02
1.519835647195577621e-02
-2.717614188441075385e-05
-4.746049642562866211e-02
2.132712863385677338e-03
2.419828064739704132e-02
1.516842376440763474e-02
1.226003393530845642e-01
4.239595495164394379e-03
1.923687057569622993e-03
-2.819384913891553879e-03
4.226724803447723389e-02
1.749160051345825195e+00
5.656875669956207275e-03
-8.091730996966362000e-03
1.758430711925029755e-02
1.161696296185255051e-02
-6.663786247372627258e-03
-1.311193406581878662e-01
-6.553420424461364746e-01
2.538981381803750992e-03
1.226572412997484207e-02
-8.569857478141784668e-01
-3.316478570923209190e-03
1.887808553874492645e-02
2.728349864482879639e-01
-1.222598776221275330e-01
-2.357371523976325989e-02
-9.936949238181114197e-03
-4.381795413792133331e-03
1.657052785158157349e-01
1.282105147838592529e-01
-1.992321573197841644e-02
-2.388843148946762085e-02
-6.190753541886806488e-03
2.231777459383010864e-02
-1.165730506181716919e-02
-5.994068458676338196e-02
-9.278403222560882568e-02
-1.566429883241653442e-01
2.148946225643157959e-01
1.744643785059452057e-02
4.839487373828887939e-03
-1.925933122634887695e+00
1.022264480590820312e+00
-2.379287034273147583e-02
6.276946049183607101e-03
1.391815245151519775e-01
4.226244520395994186e-03
-6.025138427503407001e-04
-6.749853491783142090e-02
1.062037944793701172e+00
-3.089340869337320328e-03
1.930712722241878510e-02
1.189936650916934013e-03
-1.021417882293462753e-02
3.284172713756561279e-02
-1.873058676719665527e+00
-3.355042636394500732e-02
-5.766599997878074646e-02
1.705820555798709393e-03
4.535939544439315796e-03
-9.288461506366729736e-02
-3.309969604015350342e-02
4.308399558067321777e-02
1.172128599137067795e-03
5.468450114130973816e-02
-5.898219719529151917e-02
7.162629161030054092e-03
1.550648827105760574e-02
1.837090589106082916e-02
6.914082765579223633e-01
-1.662651076912879944e-02
-1.068282406777143478e-02
-2.821503579616546631e-02
6.970403194427490234e-01
-5.941608548164367676e-01
1.615782640874385834e-02
-6.050868891179561615e-03
4.574153572320938110e-02
-1.027827616780996323e-02
-7.915333844721317291e-03
2.561668455600738525e-01
-5.652663111686706543e-01
8.640185929834842682e-03
-1.398758147843182087e-03
-1.076533436775207520e+00
1.969043351709842682e-02
-8.606895059347152710e-02
-3.727856278419494629e-01
-1.795908063650131226e-02
5.049606412649154663e-02
-5.721122771501541138e-02
3.683871328830718994e-01
-2.731605470180511475e-01
-1.706999391317367554e-01
3.752488642930984497e-02
-9.998454898595809937e-02
-6.272972375154495239e-02
2.450579851865768433e-01
-2.455124445259571075e-02
-1.670747846364974976e-01
-2.419474571943283081e-01
4.903659969568252563e-02
4.479794949293136597e-02
-1.606666147708892822e-01
-1.498631536960601807e-01
-4.258466064929962158e-01
-6.808263808488845825e-02
2.778409607708454132e-02
-1.705589294433593750e-01
1.343048922717571259e-02
-5.947054177522659302e-02
-2.457045391201972961e-02
3.664866983890533447e-01
-7.513625919818878174e-02
1.068783774971961975e-01
6.597524881362915039e-02
-1.673227250576019287e-01
-4.758845083415508270e-03
6.433641910552978516e-02
-2.471456676721572876e-01
-8.145071566104888916e-02
1.388838049024343491e-03
7.443981617689132690e-02
8.627925068140029907e-02
-1.805047690868377686e-01
-7.215512394905090332e-01
-7.605960965156555176e-02
6.125605851411819458e-02
-2.340014558285474777e-03
-3.822762146592140198e-02
6.790610402822494507e-02
8.858720213174819946e-02
1.964751780033111572e-01
9.550740569829940796e-02
-1.087802499532699585e-01
-3.426853939890861511e-02
-4.111379384994506836e-02
-5.533025860786437988e-01
-2.392553240060806274e-01
9.413915127515792847e-02
5.647291988134384155e-02
7.419709861278533936e-02
-4.881396889686584473e-02
-3.353066369891166687e-02
3.210245817899703979e-02
1.108837798237800598e-01
3.089722059667110443e-02
3.460964187979698181e-02
-2.320536971092224121e-01
-1.043491065502166748e-02
-1.520742326974868774e-01
7.940602302551269531e-01
2.197577618062496185e-02
-6.564692012034356594e-04
6.291953474283218384e-02
1.767199337482452393e-01
5.135917663574218750e-01
5.628922209143638611e-02
1.149844843894243240e-02
-2.244344167411327362e-02
-4.245948046445846558e-02
-8.295944333076477051e-02
4.421829432249069214e-02
1.055463179945945740e-01
-1.218787208199501038e-01
-1.280549913644790649e-01
-1.048164162784814835e-02
-5.028798580169677734e-01
-1.012992039322853088e-01
-2.808579802513122559e-01
2.055636405944824219e+00
-1.117572262883186340e-01
4.132258147001266479e-02
-3.779671341180801392e-02
-3.536579012870788574e-02
8.895822800695896149e-03
-8.971533924341201782e-02
1.677655279636383057e-01
-1.542108040302991867e-02
5.804860591888427734e-02
-2.641808390617370605e-01
-1.533067412674427032e-02
-9.616055525839328766e-03
-1.109125614166259766e+00
2.028580522164702415e-03
-3.894918598234653473e-03
-3.194196894764900208e-02
-6.936187390238046646e-03
-1.214889645576477051e+00
-3.080923296511173248e-02
-3.480301797389984131e-02
4.093210399150848389e-02
-7.537473924458026886e-03
5.929556488990783691e-02
-2.163762599229812622e-02
1.963963359594345093e-02
-1.709704101085662842e-02
-5.056354999542236328e-01
-3.877762332558631897e-02
8.238318376243114471e-03
1.983325555920600891e-02
6.262630224227905273e-01
-1.402555823326110840e+00
-5.808024853467941284e-02
2.062146738171577454e-02
-2.359796082600951195e-03
-6.357037927955389023e-03
1.710583805106580257e-03
-1.091182678937911987e-01
-6.820903420448303223e-01
-3.648765268735587597e-04
8.433081954717636108e-02
1.278023362159729004e+00
-2.615473046898841858e-02
-7.397268712520599365e-02
9.839337468147277832e-01
1.199935451149940491e-01
2.851142734289169312e-02
-9.681470692157745361e-03
-6.416487507522106171e-03
8.570607751607894897e-02
2.261150814592838287e-02
-2.028269134461879730e-02
2.160192839801311493e-02
-4.493287298828363419e-03
-5.698566511273384094e-02
9.088205173611640930e-03
4.037681221961975098e-02
-2.610464813187718391e-03
-7.857514023780822754e-01
8.388266712427139282e-02
1.421507075428962708e-02
-3.657089918851852417e-02
-6.850850582122802734e-01
2.098323404788970947e-01
-3.888859972357749939e-02
2.518949040677398443e-04
3.274989873170852661e-02
1.617938978597521782e-03
-1.158121321350336075e-02
-1.878032460808753967e-02
-1.145352572202682495e-01
1.041123084723949432e-02
-5.649760365486145020e-02
5.855129957199096680e-01
-8.131499402225017548e-03
2.101426571607589722e-02
-1.583679199218750000e+00
3.716076165437698364e-02
-6.337014585733413696e-02
-3.022464364767074585e-02
-6.352250464260578156e-03
-8.446508646011352539e-01
-3.636986017227172852e-03
-1.284207403659820557e-02
1.594202965497970581e-02
-7.676308043301105499e-03
-5.383414030075073242e-02
-7.501893676817417145e-03
2.320246025919914246e-02
9.908654727041721344e-03
8.954571485519409180e-01
3.904697671532630920e-02
-9.680781513452529907e-04
2.289059944450855255e-02
-7.246957626193761826e-03
-4.154175221920013428e-01
-1.655527204275131226e-02
5.923876538872718811e-03
-2.040569670498371124e-02
-2.671291306614875793e-02
2.206175401806831360e-02
-5.776897668838500977e-01
-8.118859492242336273e-03
-7.348077837377786636e-03
9.385037422180175781e-02
-7.489895820617675781e-02
-1.144270598888397217e-02
-4.974141344428062439e-02
5.707275867462158203e-01
7.122497260570526123e-02
7.720347028225660324e-03
-1.033982727676630020e-03
2.001745253801345825e-02
4.309325516223907471e-01
2.792300190776586533e-03
-2.359303645789623260e-02
1.671707071363925934e-02
1.108896639198064804e-02
5.016718804836273193e-02
-1.173529308289289474e-02
2.581703290343284607e-02
2.349957451224327087e-02
-2.696101665496826172e-01
2.119592018425464630e-02
2.514807693660259247e-02
6.309885648079216480e-04
7.719097137451171875e-01
1.855339288711547852e+00
-1.655435375869274139e-02
2.165185287594795227e-03
-5.383660644292831421e-02
2.788291079923510551e-03
-1.273204013705253601e-02
-1.394837349653244019e-01
-9.134162068367004395e-01
-3.245009109377861023e-03
1.818919926881790161e-01
1.525259464979171753e-01
-1.483614789322018623e-03
1.578354043886065483e-03
-3.170521184802055359e-02
4.385897889733314514e-03
1.582403201609849930e-03
7.839471101760864258e-03
1.151259639300405979e-03
-6.440049037337303162e-03
5.587037652730941772e-03
1.046151388436555862e-02
5.575863178819417953e-03
1.738205668516457081e-03
-7.309192325919866562e-03
-6.070178467780351639e-03
-2.664932422339916229e-02
5.720820743590593338e-03
-1.720879692584276199e-03
-2.314065694808959961e+00
-7.702296716161072254e-04
-4.161347169429063797e-03
6.203480297699570656e-04
-2.108369080815464258e-04
-3.192881587892770767e-03
-4.131415858864784241e-03
2.520686015486717224e-02
3.602721961215138435e-03
-3.393564373254776001e-03
3.887055208906531334e-03
-8.061053813435137272e-04
4.018755163997411728e-03
-1.602414250373840332e-02
-4.139041702728718519e-04
-5.443863105028867722e-03
-4.170109983533620834e-03
-1.237279057502746582e+00
4.842618852853775024e-02
7.969194091856479645e-03
-7.834841497242450714e-03
1.516230124980211258e-02
-2.386135458946228027e-01
-1.816260395571589470e-03
-7.959083467721939087e-02
-2.933566272258758545e-02
-6.611860357224941254e-03
-2.984096668660640717e-02
-2.282221242785453796e-02
1.379258371889591217e-02
1.927421428263187408e-02
-7.266698777675628662e-02
-2.501216530799865723e-02
2.844442613422870636e-03
-6.577690597623586655e-03
2.499815672636032104e-01
-2.347742319107055664e+00
2.544250339269638062e-03
-7.494857069104909897e-03
8.224744349718093872e-03
2.770719584077596664e-03
1.555322203785181046e-02
-4.860204756259918213e-01
5.266787409782409668e-01
1.809580251574516296e-02
-1.331845205277204514e-02
1.473746657371520996e+00
-1.776615390554070473e-03
3.405783697962760925e-02
3.742715120315551758e-01
1.576521992683410645e-02
-7.576580625027418137e-03
7.724629249423742294e-03
3.679394954815506935e-03
1.130124107003211975e-01
-1.812845095992088318e-02
-1.397630944848060608e-02
9.836239740252494812e-03
6.023072637617588043e-03
-6.769751757383346558e-02
3.930890560150146484e-02
6.864655017852783203e-02
2.594573609530925751e-02
6.018153429031372070e-01
-2.640184015035629272e-03
-2.593340910971164703e-02
-2.452846057713031769e-02
-5.493756383657455444e-02
-1.914919018745422363e-01
5.398324225097894669e-03
-1.530765555799007416e-02
-8.916957885958254337e-04
3.849558997899293900e-03
1.933364197611808777e-02
1.053626686334609985e-01
7.622600793838500977e-01
1.035042386502027512e-02
7.859499752521514893e-02
2.174504548311233521e-01
1.260621100664138794e-02
-4.873273894190788269e-02
-2.411231696605682373e-01
2.930812835693359375e-01
9.707381576299667358e-02
2.155078016221523285e-02
2.543952432461082935e-04
4.881563782691955566e-01
4.249725025147199631e-03
-5.576698109507560730e-02
-2.812701568473130465e-04
-1.972001045942306519e-03
2.158999815583229065e-02
1.475463993847370148e-02
-6.696984916925430298e-02
-1.751606911420822144e-02
3.189605474472045898e-02
9.442497789859771729e-02
6.007120944559574127e-03
2.134838700294494629e-02
-4.175961390137672424e-02
1.371826767921447754e+00
-2.151306718587875366e-02
-1.650613173842430115e-02
1.310905534774065018e-02
3.915027946277405135e-07
5.241722799837589264e-03
1.344180572777986526e-02
-8.285896480083465576e-02
7.354841567575931549e-03
-1.068809852004051208e-01
-8.549782037734985352e-01
-2.699649659916758537e-03
-1.516595575958490372e-02
-5.554078221321105957e-01
-1.074605435132980347e-02
-3.032725863158702850e-02
1.352624595165252686e-02
7.407318335026502609e-03
4.115384817123413086e-01
-1.035580933094024658e-01
9.106978774070739746e-02
-4.162896797060966492e-02
6.564094126224517822e-02
1.738978363573551178e-02
6.146073713898658752e-02
7.994799315929412842e-02
-2.682318538427352905e-02
-4.454833269119262695e-01
-9.182704985141754150e-02
-2.663299255073070526e-02
-1.221682061441242695e-03
-4.962406307458877563e-02
9.511294960975646973e-02
2.303608879446983337e-02
1.601888537406921387e-01
-2.022397518157958984e-01
-1.146934926509857178e-02
-1.478952448815107346e-02
4.046927094459533691e-01
-1.791435182094573975e-01
1.475670095533132553e-02
7.308728992938995361e-02
-1.850428283214569092e-01
9.348216466605663300e-03
-5.909518804401159286e-03
-4.457284882664680481e-02
8.593980222940444946e-03
2.210061997175216675e-03
-2.023262530565261841e-02
-1.830518364906311035e+00
-7.791425287723541260e-02
1.307660788297653198e-01
2.806165441870689392e-02
-5.598326027393341064e-02
3.916827961802482605e-03
3.779636695981025696e-02
1.288691163063049316e-02
-4.276745021343231201e-03
-3.231077641248703003e-02
1.238763630390167236e-01
1.644105184823274612e-03
5.616868138313293457e-01
2.783823944628238678e-02
-1.009590923786163330e-02
3.417868316173553467e-01
7.888516038656234741e-02
-7.087268680334091187e-02
-5.696083884686231613e-03
4.885446652770042419e-02
1.960186474025249481e-02
1.216330677270889282e-01
-2.169806063175201416e-01
8.994891308248043060e-03
-4.226069897413253784e-02
-1.068571805953979492e+00
5.989297851920127869e-02
-8.516031317412853241e-03
-4.568984210491180420e-01
-3.841185010969638824e-03
-2.099276287481188774e-03
4.931737668812274933e-03
3.019196679815649986e-03
1.796875596046447754e-01
1.113804150372743607e-02
-5.600608885288238525e-03
-1.406628638505935669e-02
-9.003870189189910889e-03
-2.563002146780490875e-02
2.107977401465177536e-03
-1.391270477324724197e-02
-1.119755487889051437e-02
3.248237967491149902e-01
-1.069010701030492783e-03
-6.324914749711751938e-03
-5.809064488857984543e-03
2.065576910972595215e-01
1.135002732276916504e+00
-1.158638577908277512e-02
7.928097620606422424e-03
-3.666971623897552490e-02
6.349416915327310562e-03
7.138414075598120689e-04
-6.789445281028747559e-01
9.871080517768859863e-01
-1.697823754511773586e-03
-3.092121891677379608e-02
3.167506456375122070e-01
-9.882156737148761749e-03
1.591812260448932648e-02
-1.295078396797180176e+00
-6.095035746693611145e-02
-6.228844169527292252e-03
-3.569261729717254639e-02
-3.891156055033206940e-03
-1.644589424133300781e+00
-1.094256062060594559e-03
1.162352226674556732e-02
-2.394168637692928314e-02
-2.528083743527531624e-03
9.933949261903762817e-02
-7.774553727358579636e-03
-9.339344105683267117e-04
-2.374711632728576660e-02
3.919413313269615173e-03
-5.704289767891168594e-03
1.202311646193265915e-02
1.749525964260101318e-02
-1.108855128288269043e+00
1.733510643243789673e-01
-5.522410385310649872e-03
-5.658789537847042084e-03
6.090403348207473755e-02
-3.400350920855998993e-03
-6.089983042329549789e-03
-3.851263225078582764e-02
-2.192816287279129028e-01
-4.448199644684791565e-03
-1.280725654214620590e-02
7.862928509712219238e-02
2.501336392015218735e-03
-9.142810851335525513e-02
2.222318015992641449e-02
-1.878788024187088013e-01
3.905505686998367310e-02
-9.416174143552780151e-02
-9.927964210510253906e-02
-3.362127766013145447e-02
6.148122549057006836e-01
6.441540271043777466e-02
-1.123222932219505310e-01
7.162766158580780029e-02
-3.137649297714233398e-01
-1.833333820104598999e-01
8.805338293313980103e-03
-7.791963219642639160e-01
-5.904407501220703125e-01
4.249550774693489075e-02
-4.452901184558868408e-01
5.751316249370574951e-02
-1.103229001164436340e-01
1.879740208387374878e-01
-5.307272076606750488e-02
-7.334060221910476685e-02
-1.339458208531141281e-02
1.850572787225246429e-02
4.733679443597793579e-02
2.628399804234504700e-02
-2.963193953037261963e-01
-5.533509328961372375e-02
-1.558829247951507568e-01
-1.023925170302391052e-01
8.367632329463958740e-02
5.426228046417236328e-03
-1.360544085502624512e+00
-1.398632209748029709e-02
7.309927791357040405e-02
-7.650811225175857544e-03
-3.425483405590057373e-02
6.126152817159891129e-03
7.898550480604171753e-03
-7.952835410833358765e-02
-7.616018876433372498e-03
-3.610600158572196960e-02
1.342649459838867188e-01
-2.017028629779815674e-02
4.715704359114170074e-03
-9.707950986921787262e-03
-1.176102366298437119e-02
-9.413050860166549683e-02
-2.849119156599044800e-02
3.586796671152114868e-02
-2.079577744007110596e-02
-3.086990714073181152e-01
-7.170079043135046959e-04
1.944908127188682556e-02
-7.151690870523452759e-02
-8.936237543821334839e-03
-3.708892269060015678e-03
-1.378032803535461426e+00
-1.275406628847122192e-01
1.965096592903137207e-02
-9.910309314727783203e-02
1.307347893714904785e+00
6.159818149171769619e-04
-3.218150138854980469e-02
2.148731350898742676e-01
1.802210509777069092e-01
1.515894830226898193e-01
-7.437258213758468628e-02
1.355078071355819702e-01
2.066303193569183350e-01
3.638248890638351440e-02
-3.522273525595664978e-02
5.407829955220222473e-02
1.791719160974025726e-02
1.068805754184722900e-01
-6.842006929218769073e-03
7.025619596242904663e-02
2.245615869760513306e-01
-3.325770497322082520e-01
-4.201329499483108521e-02
-6.252977848052978516e-01
4.540658369660377502e-02
2.452078089118003845e-02
-3.424000144004821777e-01
3.191829323768615723e-01
-2.218948304653167725e-01
-1.353935301303863525e-01
-4.059489443898200989e-02
-5.996282398700714111e-02
-5.322472751140594482e-02
-3.706407845020294189e-01
-3.350235521793365479e-02
-1.012582555413246155e-01
1.301233172416687012e-01
1.531109362840652466e-01
-1.678413827903568745e-03
1.615607887506484985e-01
1.077684480696916580e-02
1.030018646270036697e-02
-5.186270922422409058e-03
5.907880607992410660e-03
-3.349500298500061035e-01
-4.468578379601240158e-03
-9.310869500041007996e-03
-1.610906445421278477e-03
-1.945725380210205913e-04
7.496373355388641357e-02
1.226700004190206528e-02
7.407154142856597900e-02
-1.207427587360143661e-02
-2.118418514728546143e-01
-1.281723566353321075e-02
-1.415401790291070938e-02
1.008421089500188828e-02
3.075501918792724609e-01
3.107621669769287109e+00
7.138617802411317825e-03
-1.188532356172800064e-02
-5.235359538346529007e-03
-6.526213139295578003e-03
3.481722902506589890e-03
-9.111052006483078003e-02
1.287962645292282104e-01
1.607786491513252258e-02
1.288754399865865707e-02
1.003879427909851074e+00
-3.744659712538123131e-03
1.073717046529054642e-02
-1.148571372032165527e+00
-3.262329846620559692e-02
2.564171701669692993e-02
-8.479667827486991882e-03
-5.048655904829502106e-03
-5.383891984820365906e-02
-4.129170905798673630e-03
2.418163605034351349e-02
3.671259852126240730e-03
-5.424450500868260860e-04
1.517983712255954742e-02
-5.746331531554460526e-03
-1.148540060967206955e-02
-1.271703280508518219e-03
3.944768607616424561e-01
-6.124912761151790619e-03
-1.076577231287956238e-03
-1.864957157522439957e-03
2.321559786796569824e-01
-4.826547503471374512e-01
-7.024473597994074225e-05
2.744710072875022888e-03
4.405406117439270020e-02
1.159848179668188095e-03
-3.715324681252241135e-03
3.791153803467750549e-02
-8.385736942291259766e-01
1.728699915111064911e-02
-1.546460017561912537e-02
-1.031542420387268066e+00
9.915167465806007385e-03
3.188074380159378052e-02
-2.019612938165664673e-01
-6.570298224687576294e-02
-2.108931168913841248e-02
1.150491274893283844e-02
-1.838158965110778809e+00
-9.784898906946182251e-02
5.593563243746757507e-02
-5.019735172390937805e-02
5.239674821496009827e-03
8.810361474752426147e-02
-8.638873696327209473e-03
-4.401321709156036377e-02
-2.059336006641387939e-02
1.798830227926373482e-03
7.823908329010009766e-02
6.277078390121459961e-02
-2.006420850753784180e+00
-3.958917781710624695e-02
-1.415530443191528320e-01
1.825108975172042847e-01
-8.694870397448539734e-03
2.586190402507781982e-02
1.398512441664934158e-02
2.605285495519638062e-02
-2.327340655028820038e-02
-1.516577005386352539e-01
3.712875843048095703e-01
-8.418549783527851105e-03
-5.016868188977241516e-02
-6.922334432601928711e-02
2.720171026885509491e-02
3.164308727718889713e-04
-1.774489641189575195e+00
-2.101466991007328033e-02
-1.679815351963043213e-02
6.544850766658782959e-03
-4.839140747208148241e-04
6.079296022653579712e-02
-6.863777525722980499e-03
3.342360258102416992e-02
-3.505389206111431122e-03
-2.427316503599286079e-03
4.740745201706886292e-02
6.667705718427896500e-03
-3.167062625288963318e-02
-3.345725825056433678e-03
4.855675399303436279e-01
1.983804441988468170e-02
1.807292178273200989e-02
7.585789076983928680e-03
-2.173232316970825195e+00
6.743851304054260254e-01
3.410414233803749084e-02
1.998507883399724960e-03
-9.815457276999950409e-03
-5.082082469016313553e-03
-4.276752937585115433e-03
-5.950972437858581543e-01
2.527836337685585022e-02
6.824025331297889352e-05
3.198387101292610168e-02
-5.842061638832092285e-01
2.753872890025377274e-03
1.153344139456748962e-01
1.405659168958663940e-01
-3.173992782831192017e-02
-9.410668164491653442e-02
-1.547218766063451767e-02
-2.995932400226593018e-01
4.290611445903778076e-01
-6.247804760932922363e-01
9.984641335904598236e-03
2.488887123763561249e-02
1.912781968712806702e-03
-1.932353526353836060e-02
1.729747951030731201e-01
-1.999249309301376343e-02
3.351966142654418945e-01
-1.623335033655166626e-01
1.106227189302444458e-02
-1.438572406768798828e-01
-7.121291756629943848e-02
-8.734022080898284912e-02
1.913742721080780029e-01
-1.173770874738693237e-01
1.432903856039047241e-02
-3.448450192809104919e-02
-2.612527087330818176e-02
-1.259389147162437439e-02
3.585960716009140015e-02
8.495147526264190674e-02
1.063721701502799988e-01
1.029560640454292297e-01
4.237114638090133667e-02
-8.401931077241897583e-02
5.744124576449394226e-02
-1.111361265182495117e+00
4.100482538342475891e-02
-1.280228197574615479e-01
-3.837765380740165710e-02
-2.596147358417510986e-03
-4.083617776632308960e-02
-2.516833879053592682e-02
-2.430514991283416748e-02
-8.192007429897785187e-03
-5.013503134250640869e-02
-1.501908451318740845e-01
-5.924775451421737671e-02
1.220369338989257812e-01
-5.345480144023895264e-02
1.528759673237800598e-02
-6.024708598852157593e-02
-2.642891369760036469e-03
6.638345774263143539e-03
-3.434180468320846558e-02
6.510490775108337402e-01
-1.382660679519176483e-02
4.277650266885757446e-02
1.054721996188163757e-01
-2.061381936073303223e-02
-1.150808203965425491e-02
-1.947514563798904419e-01
-7.753888517618179321e-02
-2.154669165611267090e-02
1.252129673957824707e-01
-1.079267412424087524e-01
1.325772237032651901e-02
1.749084703624248505e-02
5.145474076271057129e-01
-5.435357615351676941e-02
-5.338631942868232727e-02
5.443885177373886108e-02
3.269531065598130226e-03
-8.681926727294921875e-01
3.643752634525299072e-02
-6.494127213954925537e-02
9.502581320703029633e-03
1.915169879794120789e-02
-1.226339396089315414e-02
2.479332312941551208e-02
1.104758307337760925e-01
1.707540601491928101e-01
2.214885316789150238e-02
-1.636978089809417725e-01
-7.787459529936313629e-03
-2.475714311003684998e-02
1.682471036911010742e-01
-2.924587205052375793e-02
-2.596499398350715637e-02
-4.274206981062889099e-02
6.518369168043136597e-02
3.509705886244773865e-02
9.486422874033451080e-03
-4.483126476407051086e-02
-1.443787217140197754e-01
-1.075486838817596436e-02
1.072096228599548340e-01
1.636152565479278564e-01
1.404412183910608292e-02
-2.650206536054611206e-02
1.436463236808776855e+00
1.540009826421737671e-01
1.862104423344135284e-02
-1.288083754479885101e-02
9.073246270418167114e-03
-2.595668435096740723e-01
-3.925137966871261597e-02
-1.035150960087776184e-01
-3.788508474826812744e-04
1.216183323413133621e-02
1.260528117418289185e-01
2.187672303989529610e-03
9.696510434150695801e-02
-1.222592405974864960e-02
-5.997662544250488281e-01
-2.394775599241256714e-01
-5.388086289167404175e-02
2.140857744961977005e-03
8.186759054660797119e-02
6.936960220336914062e-01
-8.688267320394515991e-03
1.815746165812015533e-02
-1.025842577219009399e-01
-1.181243453174829483e-02
-2.188428770750761032e-03
-4.018881618976593018e-01
-2.925047874450683594e-01
-2.285771816968917847e-02
-1.424332857131958008e-01
6.382120251655578613e-01
1.983642950654029846e-02
-2.805186063051223755e-02
9.186366200447082520e-01
-4.290461167693138123e-02
2.468644827604293823e-02
1.554195955395698547e-02
2.232382073998451233e-03
-3.713687360286712646e-01
-2.515113679692149162e-03
2.257612906396389008e-02
-4.398007318377494812e-02
2.820563502609729767e-02
-9.354133903980255127e-02
2.539060637354850769e-02
-8.213277161121368408e-02
8.465737104415893555e-03
6.760119646787643433e-02
-7.201256603002548218e-02
-9.526237845420837402e-03
-3.967510536313056946e-03
1.485213190317153931e-01
-3.481052219867706299e-01
5.902770441025495529e-03
1.217576209455728531e-02
-6.021540611982345581e-02
-7.678070687688887119e-04
-3.173131961375474930e-03
-1.171471953392028809e+00
-1.379238516092300415e-01
1.237508491612970829e-03
1.756283640861511230e-02
1.039275288581848145e+00
5.631298758089542389e-03
1.358630880713462830e-02
1.805098503828048706e-01
6.842321157455444336e-02
2.841457538306713104e-02
-9.796294383704662323e-03
-6.178040988743305206e-03
3.102923631668090820e-01
6.883076857775449753e-03
-4.380860179662704468e-02
7.793691474944353104e-03
-3.278092294931411743e-02
7.554500550031661987e-02
2.565213246271014214e-03
9.401191025972366333e-02
6.456155329942703247e-02
-6.598090380430221558e-02
-2.907025218009948730e-01
1.014758739620447159e-02
1.969936117529869080e-02
1.345870375633239746e+00
1.434632241725921631e-01
1.454102899879217148e-02
-1.501692086458206177e-02
-7.455188781023025513e-02
2.890678355470299721e-03
1.918752305209636688e-02
3.504856303334236145e-02
-6.000960469245910645e-01
-1.725512207485735416e-03
-2.290516160428524017e-02
1.410026475787162781e-02
-2.405896037817001343e-02
-4.725069925189018250e-02
5.326125621795654297e-01
-1.209690943360328674e-01
3.767028823494911194e-02
1.211514230817556381e-02
2.789776399731636047e-02
2.927174866199493408e-01
-3.818417489528656006e-01
-4.499593749642372131e-02
-9.901326894760131836e-02
-8.331412449479103088e-03
2.371934708207845688e-03
-1.085759047418832779e-02
9.298974648118019104e-03
-1.080243065953254700e-01
-1.342812925577163696e-01
-6.742526777088642120e-03
-4.751320481300354004e-01
2.310901284217834473e-01
-9.047380834817886353e-02
1.197527796030044556e-01
-1.666163206100463867e-01
3.176655620336532593e-02
1.255170404911041260e-01
1.210160460323095322e-02
5.613605305552482605e-02
-1.595081239938735962e-01
1.122048124670982361e-01
-4.802544135600328445e-03
1.103665530681610107e-01
2.903027534484863281e-01
-3.328498825430870056e-02
-7.875522715039551258e-04
2.494083493947982788e-01
1.265886425971984863e-02
1.601977128302678466e-04
-7.710172794759273529e-04
1.815953990444540977e-03
-1.083552092313766479e-01
-3.221739316359162331e-03
-1.714174821972846985e-02
-2.705939579755067825e-03
8.466962724924087524e-03
-6.452510133385658264e-03
-4.330188501626253128e-03
6.524285674095153809e-02
-1.815027208067476749e-04
-2.700732648372650146e-01
-6.645962130278348923e-04
1.258453237824141979e-03
-2.043424174189567566e-04
-1.796502470970153809e-01
-2.672911882400512695e-01
-6.226161960512399673e-03
3.954753279685974121e-03
1.027190685272216797e-02
-1.851543784141540527e-03
1.957931090146303177e-03
3.018718361854553223e-01
3.776707127690315247e-02
-1.519081834703683853e-02
-5.778411868959665298e-03
8.577509522438049316e-01
-7.468278519809246063e-03
-2.568625658750534058e-02
8.613255620002746582e-01
2.144373208284378052e-02
1.174177899956703186e-01
-9.253175929188728333e-03
3.005198389291763306e-02
1.012045383453369141e+00
2.151303924620151520e-02
-7.546319626271724701e-03
5.425944924354553223e-03
4.668757691979408264e-02
3.062860481441020966e-02
-2.829308249056339264e-02
2.317821606993675232e-02
6.144630163908004761e-02
1.142875999212265015e-01
-7.716116309165954590e-02
4.750842973589897156e-02
-8.712042868137359619e-02
7.852076552808284760e-03
7.259579896926879883e-01
-1.214825082570314407e-02
-6.419175770133733749e-03
-1.019719541072845459e-01
2.077313885092735291e-02
1.677903346717357635e-02
-7.290959358215332031e-01
-1.776772737503051758e-02
4.571358487010002136e-02
9.195669740438461304e-02
-7.818014174699783325e-02
1.239047758281230927e-02
2.486441098153591156e-02
4.368944466114044189e-01
5.632835626602172852e-02
-5.667054210789501667e-05
-2.236959990113973618e-03
8.152973838150501251e-03
1.196007013320922852e+00
1.858556875959038734e-03
-4.493334144353866577e-02
6.057986058294773102e-03
-2.659540437161922455e-02
-3.972550109028816223e-02
1.074097678065299988e-02
1.193980686366558075e-02
-4.366908688098192215e-03
-4.445240199565887451e-01
-6.974885612726211548e-02
-3.061349317431449890e-02
-2.666233107447624207e-02
-1.837756931781768799e-01
8.800123333930969238e-01
2.865965850651264191e-02
5.472581461071968079e-02
-7.739336788654327393e-02
-2.755691483616828918e-02
-4.517446458339691162e-02
-4.197150841355323792e-02
2.976591289043426514e-01
7.597953546792268753e-03
1.398734003305435181e-01
4.722147807478904724e-02
-5.963297095149755478e-03
-1.604956761002540588e-02
4.691146314144134521e-01
4.126508720219135284e-04
5.066536739468574524e-02
3.438845509663224220e-03
1.049732696264982224e-02
3.264434635639190674e-01
-2.808043360710144043e-02
-4.668509215116500854e-02
1.572710834443569183e-02
4.519884288311004639e-02
7.645533420145511627e-03
2.358790859580039978e-02
-4.454452171921730042e-02
2.150865271687507629e-02
2.868213951587677002e-01
-2.882796153426170349e-02
8.955591358244419098e-03
-3.662270493805408478e-03
-2.326522469520568848e-01
1.528836011886596680e+00
-7.330076396465301514e-02
4.492317885160446167e-02
-1.904862746596336365e-02
6.635434925556182861e-03
-1.843759603798389435e-02
1.575929075479507446e-01
-4.656434655189514160e-01
-1.242587529122829437e-02
-3.370016440749168396e-02
-1.137466549873352051e+00
8.762275101616978645e-04
1.381385046988725662e-02
-8.875737190246582031e-01
-1.599889807403087616e-02
-1.202324852347373962e-01
1.216448564082384109e-02
6.731803528964519501e-03
9.915291070938110352e-01
-1.581669412553310394e-02
-4.019933193922042847e-02
-4.598051775246858597e-03
-3.886790573596954346e-02
-1.284177750349044800e-01
1.199342776089906693e-02
-2.655457006767392159e-03
-7.111699879169464111e-02
-1.999625563621520996e-01
2.040013298392295837e-02
1.397402118891477585e-02
-1.178373675793409348e-02
-4.739280939102172852e-01
1.535413026809692383e+00
-5.271846428513526917e-02
9.488035924732685089e-03
1.330258995294570923e-01
-1.117808092385530472e-02
3.901887917891144753e-03
5.763721838593482971e-02
5.878237485885620117e-01
-1.667866716161370277e-03
-8.348792046308517456e-02
-1.729210466146469116e-01
1.086449809372425079e-02
1.582234166562557220e-02
-5.653343796730041504e-01
6.768509000539779663e-02
4.076403006911277771e-02
4.483374953269958496e-02
8.697507902979850769e-03
2.325289845466613770e-01
-2.918915124610066414e-03
4.209381714463233948e-02
-7.730620447546243668e-03
1.726461388170719147e-02
-1.046220511198043823e-01
2.587213739752769470e-02
2.694441005587577820e-03
-6.989873480051755905e-03
1.425888575613498688e-02
4.446702599525451660e-01
2.233952283859252930e-02
-2.363504143431782722e-03
-5.610641837120056152e-01
1.107418656349182129e+00
6.927858293056488037e-02
1.925119012594223022e-02
-1.919116675853729248e-01
-2.493839338421821594e-02
-8.341891691088676453e-03
4.835048913955688477e-01
-1.204380691051483154e-01
-5.091011896729469299e-02
3.196625038981437683e-02
-6.658647060394287109e-01
4.559042397886514664e-03
2.231918647885322571e-02
-2.283440083265304565e-01
7.531434297561645508e-02
-3.833338269032537937e-05
-8.624794892966747284e-03
1.076404750347137451e-01
-3.113070130348205566e-01
3.681676834821701050e-02
9.509509429335594177e-03
-2.121527446433901787e-03
-1.529771368950605392e-02
-1.660278812050819397e-02
-1.405289117246866226e-02
3.189215064048767090e-02
-2.683019451797008514e-02
1.090640306472778320e+00
1.025545969605445862e-02
2.013238668441772461e-01
-1.270571257919073105e-02
-1.071845293045043945e+00
-1.503254622220993042e-01
2.351822331547737122e-02
4.737631417810916901e-03
-3.338858857750892639e-02
-1.092019770294427872e-02
-2.399027720093727112e-02
3.174089193344116211e-01
1.962474942207336426e+00
1.349058281630277634e-02
1.107488293200731277e-02
-2.509827315807342529e-01
-2.832246245816349983e-03
2.924394421279430389e-02
1.982565760612487793e+00
-6.454972177743911743e-02
-1.738196797668933868e-02
-7.572037633508443832e-03
1.096894498914480209e-02
-1.064818948507308960e-01
-7.407464552670717239e-03
-1.850821822881698608e-02
8.545484393835067749e-03
-1.779092708602547646e-03
1.050086542963981628e-01
4.544654861092567444e-03
-4.298232495784759521e-02
2.384515944868326187e-03
-9.614948034286499023e-01
-2.320696040987968445e-02
-1.838120073080062866e-02
6.843661889433860779e-03
-1.051946997642517090e+00
1.244226813316345215e+00
-2.496321871876716614e-02
3.569822758436203003e-03
-1.384745538234710693e-01
-9.376801550388336182e-03
2.088252268731594086e-02
-5.150944739580154419e-02
9.713383913040161133e-01
-7.705622818320989609e-03
-9.889867156744003296e-02
1.310863256454467773e+00
-1.261286996304988861e-02
-8.308608084917068481e-02
-2.366177141666412354e-01
1.002916507422924042e-02
3.568495437502861023e-02
3.923779353499412537e-02
2.610771358013153076e-01
-2.341552972793579102e-01
-2.149390429258346558e-02
-2.557919733226299286e-02
2.670995891094207764e-02
-4.997208714485168457e-02
-8.269301615655422211e-03
2.063016220927238464e-02
9.098378010094165802e-03
-1.044640317559242249e-01
1.814288832247257233e-02
2.101108664646744728e-03
-6.499266624450683594e-01
-2.236389368772506714e-02
2.699297368526458740e-01
-5.119603499770164490e-02
4.222991690039634705e-02
7.527650892734527588e-02
3.471536561846733093e-02
-3.349557053297758102e-03
2.216927893459796906e-02
4.030214622616767883e-02
-4.234756231307983398e-01
-3.524113819003105164e-02
-1.103478670120239258e-01
3.555498421192169189e-01
-1.530726253986358643e-02
4.379376024007797241e-02
9.687241315841674805e-01
-2.132862806320190430e-01
2.931842114776372910e-03
-1.132166362367570400e-03
-7.068782299757003784e-02
1.038054823875427246e+00
2.772171574179083109e-04
-4.537746682763099670e-02
-1.853892207145690918e-02
-2.948143333196640015e-02
-4.864730313420295715e-02
-1.463310513645410538e-02
4.267727211117744446e-02
-1.987305283546447754e-02
3.794135749340057373e-01
-1.345560234040021896e-02
-6.102333590388298035e-02
1.142571400851011276e-02
3.795511424541473389e-01
-3.343590795993804932e-01
3.029453195631504059e-02
2.525828592479228973e-02
3.424117108806967735e-03
-7.813394069671630859e-03
-1.754735363647341728e-03
3.426300287246704102e-01
-1.263558566570281982e-01
-2.040968090295791626e-02
3.252992872148752213e-03
-1.169325590133666992e+00
5.838555749505758286e-03
-4.425836727023124695e-02
-7.966986298561096191e-01
-1.082868352532386780e-01
7.017180323600769043e-02
-2.182746492326259613e-02
-2.042645402252674103e-02
1.429137885570526123e-01
-3.918432071805000305e-02
6.487789750099182129e-02
2.479001879692077637e-02
-1.398986112326383591e-02
4.937413707375526428e-02
-5.448132869787514210e-04
-8.802326768636703491e-02
1.042234618216753006e-02
4.240106344223022461e-01
1.186263840645551682e-02
1.115117128938436508e-02
4.094984382390975952e-02
1.332709550857543945e+00
-1.586275100708007812e+00
7.627583295106887817e-02
1.120883692055940628e-02
7.588943839073181152e-02
8.975517936050891876e-03
-9.633368812501430511e-03
-6.522696465253829956e-02
-1.162741184234619141e+00
9.043046273291110992e-03
5.480393394827842712e-02
-4.545051455497741699e-01
9.562890045344829559e-03
-2.207031100988388062e-01
5.249625071883201599e-02
-1.052928194403648376e-01
8.358152955770492554e-02
9.409595280885696411e-02
-9.280138015747070312e-01
-9.509711712598800659e-02
-1.362488269805908203e-01
-5.948274582624435425e-02
1.697884686291217804e-02
-5.332834273576736450e-02
1.326333433389663696e-01
4.754250496625900269e-02
3.258734941482543945e-02
5.270327925682067871e-01
-1.229837238788604736e-01
1.164871919900178909e-02
-2.175260037183761597e-01
-9.674541652202606201e-03
-7.801999896764755249e-02
-2.022376097738742828e-02
-3.258171305060386658e-02
-6.011753901839256287e-02
7.371453195810317993e-02
-1.199676319956779480e-01
1.253393292427062988e-01
-5.468070507049560547e-01
-3.445299863815307617e-01
-6.497514247894287109e-02
4.027179628610610962e-02
-1.107513457536697388e-01
1.830788850784301758e-01
-3.343934658914804459e-03
-1.818935990333557129e+00
-1.839672029018402100e-02
-6.405566632747650146e-02
2.390650473535060883e-02
-4.367159213870763779e-03
-1.163914442062377930e+00
-7.477956358343362808e-03
-4.471406864468008280e-04
-9.038182906806468964e-03
1.410790812224149704e-02
1.347250584512948990e-02
-2.620007144287228584e-03
-2.797960862517356873e-02
-6.869700271636247635e-03
6.114897131919860840e-01
5.284490808844566345e-02
-5.213912110775709152e-03
-7.115902379155158997e-03
-7.422797679901123047e-01
1.599286049604415894e-01
4.751997068524360657e-02
1.422254182398319244e-02
8.329252898693084717e-02
-1.463256962597370148e-02
7.479865569621324539e-03
-1.106299739331007004e-02
4.601349830627441406e-01
3.443129593506455421e-03
-2.044960483908653259e-02
-2.074045091867446899e-01
4.823102615773677826e-03
3.081550896167755127e-01
-1.279598325490951538e-01
-2.459011077880859375e-01
-3.007231652736663818e-02
6.720115989446640015e-02
-2.960928082466125488e-01
2.335237264633178711e-01
-2.791980803012847900e-01
-4.537558415904641151e-04
7.102713733911514282e-02
-8.468977361917495728e-02
-1.263662124983966351e-03
4.540774226188659668e-02
-1.038041636347770691e-01
1.939004510641098022e-01
-1.176047399640083313e-01
-8.505649864673614502e-02
-6.507762521505355835e-02
-1.064994260668754578e-01
2.330837994813919067e-01
4.735998511314392090e-01
8.743986487388610840e-02
-5.503018945455551147e-02
-3.983952477574348450e-02
-1.951594837009906769e-02
-1.573836207389831543e-01
-2.080588936805725098e-01
-1.296655684709548950e-01
4.204752296209335327e-02
1.313447803258895874e-01
9.669425338506698608e-02
-5.653063580393791199e-02
9.461906738579273224e-03
9.204795956611633301e-01
-2.958829887211322784e-02
1.980477198958396912e-02
-1.706487871706485748e-02
-1.800590008497238159e-02
6.881348490715026855e-01
-7.794360816478729248e-02
-3.323322534561157227e-02
-2.360855415463447571e-02
2.363354712724685669e-02
6.772840768098831177e-02
-2.963988482952117920e-02
-1.721992790699005127e-01
-8.731006830930709839e-02
1.175110191106796265e-01
-6.348823010921478271e-02
-3.522941377013921738e-03
1.743045262992382050e-02
-6.722697019577026367e-01
1.679836511611938477e+00
6.179017946124076843e-02
2.868617326021194458e-02
-6.208781525492668152e-02
-3.593465778976678848e-03
7.706630975008010864e-03
-6.198607683181762695e-01
4.280314445495605469e-01
-1.732433214783668518e-02
1.123230382800102234e-01
-3.097325563430786133e-01
-2.575198933482170105e-02
1.330997943878173828e-01
1.342139989137649536e-01
-3.594105690717697144e-02
3.221350535750389099e-02
-1.229876056313514709e-01
2.957778982818126678e-03
-4.317131042480468750e-01
1.092639006674289703e-02
4.892852529883384705e-02
-1.455650925636291504e-01
-5.906423181295394897e-02
-8.221403695642948151e-03
-1.982192993164062500e-01
-8.783566206693649292e-02
1.586339920759201050e-01
7.912592589855194092e-02
3.170367702841758728e-02
-1.182670593261718750e+00
-7.809410989284515381e-02
-4.635986685752868652e-01
-6.927556395530700684e-01
1.688722372055053711e-01
-2.526874840259552002e-01
-9.245812147855758667e-02
-1.508360821753740311e-02
-5.646727606654167175e-02
3.202481269836425781e-01
4.758683443069458008e-01
1.604667119681835175e-02
2.853264845907688141e-02
3.729043900966644287e-02
-1.707688719034194946e-02
-1.760924421250820160e-02
-2.241732120513916016e+00
4.747567698359489441e-02
1.051187142729759216e-02
2.972505427896976471e-02
-1.364593487232923508e-02
2.937434315681457520e-01
1.529478468000888824e-02
-1.311654783785343170e-02
-4.568465985357761383e-03
-6.887436378747224808e-03
4.735779762268066406e-02
6.778057664632797241e-03
2.969025075435638428e-02
2.564437128603458405e-02
-1.042826175689697266e-01
3.904719948768615723e-01
2.406335994601249695e-02
-1.746931299567222595e-02
9.636410474777221680e-01
-1.205374479293823242e+00
5.219127982854843140e-02
1.841953210532665253e-02
-2.657249942421913147e-02
1.186797962873242795e-04
-1.060611382126808167e-02
1.188282519578933716e-01
-8.839147090911865234e-01
-6.124914507381618023e-04
-8.618120849132537842e-02
1.164677962660789490e-01
-2.574997767806053162e-02
-8.879008237272500992e-04
9.993699938058853149e-02
-4.002115502953529358e-02
-2.568300440907478333e-02
1.778616802766919136e-03
-1.483873009681701660e+00
5.989569798111915588e-02
6.247764453291893005e-02
-1.806265302002429962e-02
-6.514025479555130005e-02
-7.030082494020462036e-02
-2.211413905024528503e-02
8.671619743108749390e-02
1.440916955471038818e-02
-9.414730966091156006e-02
-2.259448617696762085e-01
-3.824970917776226997e-03
-4.392328485846519470e-02
3.155772015452384949e-02
1.459681149572134018e-02
3.506710827350616455e-01
9.378670901060104370e-02
2.925377711653709412e-02
2.549430169165134430e-02
4.915195330977439880e-02
-2.507863566279411316e-02
-2.658174335956573486e-01
-1.179665625095367432e-01
-7.106562703847885132e-02
2.329955110326409340e-03
6.165057048201560974e-02
2.971143275499343872e-02
-5.003357306122779846e-03
-4.880028069019317627e-01
-6.816415488719940186e-02
5.843546241521835327e-02
-2.201762981712818146e-02
-2.976793097332119942e-03
-1.228939175605773926e+00
4.452322795987129211e-02
-9.346654638648033142e-03
-7.805773522704839706e-03
-1.336713880300521851e-02
5.257578566670417786e-03
-2.958766929805278778e-02
-1.137168854475021362e-01
3.492215648293495178e-02
5.958509445190429688e-02
4.326701909303665161e-02
2.285769209265708923e-02
1.038160175085067749e-02
7.014468312263488770e-01
-1.060311436653137207e+00
-5.045086517930030823e-02
1.558325812220573425e-02
-5.056270863860845566e-03
1.131793367676436901e-03
-1.432377006858587265e-02
3.753305971622467041e-01
-8.019025921821594238e-01
-2.066525630652904510e-02
-1.069119423627853394e-01
8.075815625488758087e-03
-2.613405464217066765e-03
-1.716307364404201508e-02
2.754757881164550781e+00
-6.462074071168899536e-02
-4.918775986880064011e-03
-1.086743921041488647e-02
1.033193990588188171e-02
6.114326119422912598e-01
5.655298009514808655e-03
4.469001665711402893e-02
-1.848624553531408310e-03
-1.669249497354030609e-02
-4.834602400660514832e-02
-1.049745827913284302e-02
7.996077835559844971e-02
4.083912353962659836e-03
-8.845767378807067871e-01
4.182681068778038025e-02
-7.754699327051639557e-03
1.782559556886553764e-03
-1.054861426353454590e+00
9.453135132789611816e-01
3.607786074280738831e-02
1.888003433123230934e-03
7.823929190635681152e-02
-1.498148217797279358e-02
9.101075120270252228e-03
8.622566238045692444e-03
1.123812437057495117e+00
-9.367486461997032166e-03
3.981488756835460663e-03
1.050241231918334961e+00
-1.049095764756202698e-02
