-6.530589424073696136e-03
4.094506427645683289e-02
8.037925511598587036e-02
-8.129754662513732910e-02
2.305100560188293457e-01
3.435717197135090828e-03
-4.249533116817474365e-01
2.667828202247619629e-01
1.402547955513000488e-01
2.646489010658115149e-04
1.761709712445735931e-02
-1.272972971200942993e-01
1.047943383455276489e-01
7.517468649893999100e-03
7.315997779369354248e-02
-6.319180876016616821e-02
-2.788423746824264526e-02
5.211771652102470398e-02
7.298342138528823853e-02
7.822390645742416382e-02
-7.421107590198516846e-02
-2.905952036380767822e-01
-7.818105071783065796e-02
-2.480255067348480225e-01
-1.526059699244797230e-03
-6.360934930853545666e-04
9.576403349637985229e-02
2.072482407093048096e-01
3.491596085950732231e-03
-1.121585369110107422e-01
1.476982515305280685e-02
8.618156611919403076e-02
9.229893237352371216e-02
3.300254698842763901e-03
-5.521779507398605347e-02
-3.865967318415641785e-02
-2.192150615155696869e-02
5.184315517544746399e-02
5.943298712372779846e-02
6.851901113986968994e-02
4.682363569736480713e-02
3.864967450499534607e-02
-1.174662169069051743e-02
-3.314384818077087402e-02
1.085632294416427612e-01
-2.269449876621365547e-03
5.055768415331840515e-02
-1.197004318237304688e-01
8.034425228834152222e-02
-2.500296570360660553e-02
-7.495651021599769592e-03
-6.758504360914230347e-02
-7.062168419361114502e-02
-4.132192698307335377e-04
4.305509477853775024e-02
1.036168169230222702e-02
-1.942085847258567810e-02
8.006435632705688477e-02
5.211089178919792175e-02
8.595571666955947876e-02
1.129553794860839844e+00
-1.817868556827306747e-03
-2.101690322160720825e-02
6.002625450491905212e-02
3.240760266780853271e-01
-1.059036934748291969e-03
-7.580000758171081543e-01
2.511012852191925049e-01
2.654644660651683807e-03
2.766675055027008057e-01
5.826010368764400482e-03
4.508306086063385010e-02
3.607131540775299072e-02
5.562203750014305115e-02
2.947110310196876526e-02
-5.276971310377120972e-02
-1.037019863724708557e-02
6.634754245169460773e-04
-1.692859530448913574e-01
-4.226292967796325684e-01
6.256821155548095703e-01
-1.284968107938766479e-03
1.422816812992095947e-01
-5.835714936256408691e-01
-4.641407728195190430e-02
-5.191622301936149597e-02
-1.524006202816963196e-02
5.001401528716087341e-02
8.600441366434097290e-02
-4.041124135255813599e-02
-1.003155298531055450e-02
-6.441459059715270996e-02
1.768293604254722595e-02
-9.056040435098111629e-04
1.086917147040367126e-01
-1.230745837092399597e-01
4.014779627323150635e-02
-1.092789843678474426e-01
3.017053194344043732e-02
6.726355850696563721e-02
-6.308209896087646484e-02
-9.796798229217529297e-02
-1.357535179704427719e-02
-7.656975090503692627e-02
5.065330266952514648e-01
-1.100497087463736534e-03
2.688390910625457764e-01
5.120196565985679626e-02
-1.568326652050018311e-01
3.391443053260445595e-03
-3.490064293146133423e-02
-3.092480897903442383e-01
-3.174633160233497620e-02
9.712302684783935547e-02
-2.238360419869422913e-02
-7.161148358136415482e-03
6.684800237417221069e-02
-3.214922733604907990e-03
3.695783764123916626e-02
-1.297667622566223145e-01
5.075352191925048828e-01
-1.106029609218239784e-03
7.579885423183441162e-02
4.401637241244316101e-02
3.803243860602378845e-02
8.183257281780242920e-02
1.096580456942319870e-02
-4.792286828160285950e-02
